System of equations: [[ 5.55266930e+02  8.15400545e+02  1.00000000e+00  0.00000000e+00
   0.00000000e+00  0.00000000e+00 -2.39497933e+05 -3.51698858e+05]
 [ 0.00000000e+00  0.00000000e+00  0.00000000e+00  5.55266930e+02
   8.15400545e+02  1.00000000e+00 -4.53531959e+05 -6.66004379e+05]
 [ 6.25714325e+02  7.60147686e+02  1.00000000e+00  0.00000000e+00
   0.00000000e+00  0.00000000e+00 -3.12234648e+05 -3.79317583e+05]
 [ 0.00000000e+00  0.00000000e+00  0.00000000e+00  6.25714325e+02
   7.60147686e+02  1.00000000e+00 -4.72178046e+05 -5.73624472e+05]
 [ 6.93399076e+02  6.86937649e+02  1.00000000e+00  0.00000000e+00
   0.00000000e+00  0.00000000e+00 -3.87195387e+05 -3.83587313e+05]
 [ 0.00000000e+00  0.00000000e+00  0.00000000e+00  6.93399076e+02
   6.86937649e+02  1.00000000e+00 -4.76321931e+05 -4.71883333e+05]
 [ 7.38982685e+02  6.45498005e+02  1.00000000e+00  0.00000000e+00
   0.00000000e+00  0.00000000e+00 -4.43272542e+05 -3.87196543e+05]
 [ 0.00000000e+00  0.00000000e+00  0.00000000e+00  7.38982685e+02
   6.45498005e+02  1.00000000e+00 -4.78032621e+05 -4.17559314e+05]
 [ 3.66025889e+02  7.50478436e+02  1.00000000e+00  0.00000000e+00
   0.00000000e+00  0.00000000e+00 -8.96184977e+04 -1.83748614e+05]
 [ 0.00000000e+00  0.00000000e+00  0.00000000e+00  3.66025889e+02
   7.50478436e+02  1.00000000e+00 -2.79244932e+05 -5.72547751e+05]
 [ 4.41998570e+02  7.14564078e+02  1.00000000e+00  0.00000000e+00
   0.00000000e+00  0.00000000e+00 -1.41799614e+05 -2.29242621e+05]
 [ 0.00000000e+00  0.00000000e+00  0.00000000e+00  4.41998570e+02
   7.14564078e+02  1.00000000e+00 -3.19499553e+05 -5.16524078e+05]
 [ 5.17971250e+02  6.62073862e+02  1.00000000e+00  0.00000000e+00
   0.00000000e+00  0.00000000e+00 -2.06239912e+05 -2.63617054e+05]
 [ 0.00000000e+00  0.00000000e+00  0.00000000e+00  5.17971250e+02
   6.62073862e+02  1.00000000e+00 -3.45797166e+05 -4.41999947e+05]
 [ 5.71842787e+02  6.28922147e+02  1.00000000e+00  0.00000000e+00
   0.00000000e+00  0.00000000e+00 -2.56916121e+05 -2.82560596e+05]
 [ 0.00000000e+00  0.00000000e+00  0.00000000e+00  5.71842787e+02
   6.28922147e+02  1.00000000e+00 -3.62014290e+05 -3.98149298e+05]] @ h = [431.32036193 816.78186632 499.00511368 754.62240043 558.40193664
 686.93764868 599.84158057 646.87932622 244.84196427 762.91032921
 320.8146448  722.85200675 398.16864679 667.59914819 449.27754097
 633.06611158]
Solution: h = [ 1.00533231e+00 -9.86623291e-02 -6.90069501e+01  1.00935113e-01
  7.91218937e-01  7.24494534e+01  2.00604430e-04 -2.00695973e-04]
Recovered H: [[ 1.00533231e+00 -9.86623291e-02 -6.90069501e+01]
 [ 1.00935113e-01  7.91218937e-01  7.24494534e+01]
 [ 2.00604430e-04 -2.00695973e-04  1.00000000e+00]]