System of equations: [[ 4.12990819e+02  1.96568529e+02  1.00000000e+00  0.00000000e+00
   0.00000000e+00  0.00000000e+00 -9.88355910e+04 -4.70421274e+04]
 [ 0.00000000e+00  0.00000000e+00  0.00000000e+00  4.12990819e+02
   1.96568529e+02  1.00000000e+00 -8.00400516e+04 -3.80961379e+04]
 [ 6.40908861e+02  2.51821387e+02  1.00000000e+00  0.00000000e+00
   0.00000000e+00  0.00000000e+00 -2.90601860e+05 -1.14181233e+05]
 [ 0.00000000e+00  0.00000000e+00  0.00000000e+00  6.40908861e+02
   2.51821387e+02  1.00000000e+00 -1.71132871e+05 -6.72403203e+04]
 [ 7.32076077e+02  2.80829138e+02  1.00000000e+00  0.00000000e+00
   0.00000000e+00  0.00000000e+00 -3.92612981e+05 -1.50608890e+05]
 [ 0.00000000e+00  0.00000000e+00  0.00000000e+00  7.32076077e+02
   2.80829138e+02  1.00000000e+00 -2.20756780e+05 -8.46837346e+04]
 [ 6.47815468e+02  4.23105249e+02  1.00000000e+00  0.00000000e+00
   0.00000000e+00  0.00000000e+00 -2.99102513e+05 -1.95351685e+05]
 [ 0.00000000e+00  0.00000000e+00  0.00000000e+00  6.47815468e+02
   4.23105249e+02  1.00000000e+00 -2.79463173e+05 -1.82524718e+05]
 [ 6.47815468e+02  4.67307536e+02  1.00000000e+00  0.00000000e+00
   0.00000000e+00  0.00000000e+00 -3.00892196e+05 -2.17051302e+05]
 [ 0.00000000e+00  0.00000000e+00  0.00000000e+00  6.47815468e+02
   4.67307536e+02  1.00000000e+00 -3.04518733e+05 -2.19667337e+05]
 [ 5.52504287e+02  4.65926214e+02  1.00000000e+00  0.00000000e+00
   0.00000000e+00  0.00000000e+00 -2.07778908e+05 -1.75219708e+05]
 [ 0.00000000e+00  0.00000000e+00  0.00000000e+00  5.52504287e+02
   4.65926214e+02  1.00000000e+00 -2.57426231e+05 -2.17087237e+05]
 [ 5.51122966e+02  4.17579963e+02  1.00000000e+00  0.00000000e+00
   0.00000000e+00  0.00000000e+00 -2.06498160e+05 -1.56461442e+05]
 [ 0.00000000e+00  0.00000000e+00  0.00000000e+00  5.51122966e+02
   4.17579963e+02  1.00000000e+00 -2.33183020e+05 -1.76680274e+05]
 [ 5.16589929e+02  4.27249213e+02  1.00000000e+00  0.00000000e+00
   0.00000000e+00  0.00000000e+00 -1.76433266e+05 -1.45920332e+05]
 [ 0.00000000e+00  0.00000000e+00  0.00000000e+00  5.16589929e+02
   4.27249213e+02  1.00000000e+00 -2.21426218e+05 -1.83132059e+05]] @ h = [239.31667841 193.80588596 453.42150536 267.01592357 536.30079321
 301.54896017 461.70943415 431.39317781 464.47207707 470.0701788
 376.06750337 465.92621441 374.6861819  423.10524902 341.53446676
 428.63053488]
Solution: h = [ 1.10774478e+00  4.18428540e-02 -2.06359239e+02  1.31235790e-01
  1.10480637e+00 -5.99264549e+01  1.80174942e-04  6.42458023e-05]
Recovered H: [[ 1.10774478e+00  4.18428540e-02 -2.06359239e+02]
 [ 1.31235790e-01  1.10480637e+00 -5.99264549e+01]
 [ 1.80174942e-04  6.42458023e-05  1.00000000e+00]]